57
60
-165
-125
000000000000000000111111111111111111110000000000000000000
000000000000000000111111111111111111110000000000000000000
000000000000000000111111111111111111110000000000000000000
000000000000000000111111111111111111110000000000000000000
000000000000000000111114111111111111110000000000000000000
000000000000000000111111111111111111110000000000000000000
000000000000000000111111111111111111110000000000000000000
000000000000000000111111111111111111110000000000000000000
000000000000000000111111111111111111110000000000000000000
000000000000000000111111111111111111110000000000000000000
000000000000000000111111111100000000000000000000000000000
000000000000000000111111111100000000000000000000000000000
000000000000000000111111111100000000000000000000000000000
000000000000000000111111111100000000000000000000000000000
000000000000000000111114111100000000000000000000000000000
000000000000000000111111111100000000000000000000000000000
000000000000000000111111111100000000000000000000000000000
000000000000000000111111111100000000000000000000000000000
000000000000000000111111111100000000000000000000000000000
000000000000000000111111111100000000000000000000000000000
111111111111111111111111111111111111111111111111111111111
111111111111111111111111111111111111111111111111111111111
111111111111111111111111111111111111111111111111111111111
111111111111111111111111111111111111111111111111111111111
111111111111111111111111111111111111111111111111111111111
111111111111111111111113111111111111111111111111111111111
111111111111111111111111111111111111111111111111111111111
111111111111111111111111111111111111111111111111111111111
111111111111111111111111111111111111111111111111111111111
111111111111111111111111111111111111111111111111111111111
000000001111111111111111111100000000000000000000000000000
000000001111111111111111111100000000000000000000000000000
000000001111111111111111111100000000000000000000000000000
000000001111111111111111111100000000000000000000000000000
000000001111114111111113111100000000000000000000000000000
000000001111111111111111111100000000000000000000000000000
000000001111111111111111111100000000000000000000000000000
000000001111111111111111111100000000000000000000000000000
000000001111111111111111111100000000000000000000000000000
000000001111111111111111111100000000000000000000000000000
000000001111111111000000000000000000000000000000000000000
000000001111111111000000000000000000000000000000000000000
000000001111111111000000000000000000000000000000000000000
000000001111111111000000000000000000000000000000000000000
000000001111131111000000000000000000000000000000000000000
000000001111111111000000000000000000000000000000000000000
000000001111111111000000000000000000000000000000000000000
000000001111111111000000000000000000000000000000000000000
000000001111111111000000000000000000000000000000000000000
000000001111111111000000000000000000000000000000000000000
000000001111111111000000000000000000000000000000000000000
000000001111111111000000000000000000000000000000000000000
000000001111111111000000000000000000000000000000000000000
000000001111111111000000000000000000000000000000000000000
000000001111111111000000000000000000000000000000000000000
000000001111111111000000000000000000000000000000000000000
000000001111111111000000000000000000000000000000000000000
000000001111111111000000000000000000000000000000000000000
000000001111211111000000000000000000000000000000000000000
000000001111111111000000000000000000000000000000000000000
